1000
312
146
47
157
73
679
197
464
525
215
116
864
565
736
775
165
373
401
729
585
929
323
746
809
462
207
403
734
40
15
810
918
237
653
585
488
510
551
548
444
288
216
194
937
405
309
130
602
813
944
620
547
683
23
197
103
393
895
250
559
444
84
401
108
775
696
332
604
836
798
383
84
529
294
710
366
232
169
708
494
139
953
129
387
656
614
327
399
329
730
76
968
346
631
802
525
633
112
106
801
32
772
112
872
294
213
872
554
387
63
925
98
897
239
813
825
554
477
389
238
79
640
143
839
796
170
740
487
963
720
630
928
285
932
32
291
533
445
150
806
313
784
11
135
611
429
499
896
761
554
312
883
248
999
561
839
723
64
797
910
683
202
663
427
911
942
967
752
421
547
876
398
700
834
16
123
723
765
701
775
545
420
217
962
901
623
707
297
958
268
519
551
426
735
341
584
242
481
639
935
445
554
722
424
13
371
358
12
916
156
694
47
253
785
560
80
25
853
775
126
651
152
131
938
445
417
373
533
716
41
693
720
913
806
941
780
910
581
59
617
429
533
129
278
354
536
290
149
786
492
258
197
535
654
694
239
875
853
489
44
877
530
616
454
421
628
580
713
961
14
403
427
125
318
377
643
469
711
676
589
907
25
572
149
226
181
294
782
522
428
248
164
691
401
267
149
835
727
197
379
210
901
18
758
264
638
895
462
238
436
133
434
153
356
407
322
483
343
708
782
422
436
252
191
482
381
922
895
352
437
650
74
556
85
809
971
461
876
534
150
497
602
304
878
847
665
800
23
173
71
617
966
945
738
818
1
815
328
147
110
987
677
636
899
811
183
800
724
532
339
859
173
234
857
211
991
655
694
133
665
614
216
274
412
941
833
929
177
264
686
701
857
870
459
620
591
742
452
750
714
714
596
31
59
331
908
39
243
896
586
150
492
244
187
780
773
152
558
48
300
944
607
763
471
203
243
182
182
127
229
645
384
511
521
759
412
749
408
266
471
423
575
105
369
119
779
532
410
921
615
677
19
981
246
832
127
150
266
613
429
226
351
565
170
75
740
74
86
499
871
588
424
866
372
637
675
612
801
822
30
415
917
746
705
46
226
270
666
844
595
267
657
802
31
377
592
880
722
750
608
304
850
880
875
343
7
257
484
736
922
996
779
324
374
553
164
777
802
348
990
430
793
688
577
818
540
691
997
833
408
840
277
804
15
682
193
916
118
571
457
552
27
834
241
331
924
902
81
88
387
860
748
666
98
308
819
457
48
688
928
389
511
532
693
544
526
406
768
813
581
220
634
281
291
372
913
286
775
649
590
803
67
748
668
316
596
433
552
898
952
100
138
93
552
677
609
509
228
755
851
464
400
203
732
67
941
123
862
772
10
797
431
1
421
942
415
246
273
488
297
925
701
660
198
660
908
62
713
144
28
419
102
895
598
986
953
389
278
924
101
300
188
702
938
867
995
570
76
930
612
34
837
771
15
85
267
459
577
983
453
754
872
750
935
172
592
197
281
483
555
965
591
163
444
917
541
389
112
583
116
993
108
418
367
759
523
214
447
866
397
640
930
114
348
397
277
758
556
342
685
820
780
152
385
636
144
514
121
248
919
907
862
967
438
489
715
378
777
49
668
54
648
377
621
727
836
797
946
900
901
60
862
706
541
621
621
384
343
996
699
697
644
808
221
775
265
939
953
828
940
700
468
667
210
965
919
627
466
529
647
221
818
926
31
129
956
677
641
490
645
474
922
491
152
277
557
92
154
537
824
63
904
771
229
188
178
81
552
63
248
791
351
131
80
223
448
334
712
369
382
128
331
388
824
527
498
717
333
538
241
407
965
294
546
625
767
948
963
772
257
464
760
579
237
984
126
54
318
17
69
371
210
306
441
258
266
644
471
733
6
713
422
835
869
306
482
925
567
507
847
141
544
153
112
673
749
22
28
922
236
583
99
662
789
896
652
191
142
663
232
122
32
238
518
385
703
553
573
969
93
834
494
590
976
676
797
177
58
639
270
482
614
647
859
881
256
927
338
555
189
576
673
817
225
710
831
276
561
64
170
773
617
87
416
919
853
145
896
929
515
692
687
285
220
215
717
679
996
958
781
814
752
515
575
70
119
702
857
414
209
396
584
101
98
332
922
767
553
680
222
686
802
596
179
156
304
295
25
888
673
716
586
746
181
681
12
186
108
971
918
118
635
515
883
590
195
506
796
524
571
269
677
370
462
846
988
733
6
365
373
417
814
347
781
522
371
604
818
542
897